8
 0.257555 -0.596764 2.93127
 0.261191 -0.264699 2.96446
 0.264082 0.0598802 2.97897
 0.278073 0.190672 2.94365
 0.0673696 -0.0282197 2.98
 -0.000103151 -0.259295 3.08348
 0.00926806 -0.362613 2.79474
 -0.0171759 -0.388739 2.77066
 0.460673 -0.0394714 2.94471
 0.55528 -0.260232 2.9976
 0.535901 -0.367716 2.75181
 0.530402 -0.384659 2.73253
 0.15755 -0.586527 2.89397
 0.0604334 -0.438844 2.46406
 0.0913462 -0.857024 2.43918
 0.0468755 -0.899211 2.31833
 0.350236 -0.59031 2.88535
 0.401484 -0.449684 2.44888
 0.359623 -0.86689 2.44753
 0.382584 -0.902053 2.32762
 0.263604 -0.0203457 2.97831
 -0.0140125 -0.400441 2.72841
 -0.0432351 -0.410031 2.75602
 0.514126 -0.400256 2.6848
 0.554913 -0.415904 2.70792
 0.258077 -0.598231 2.92962
 0.260488 -0.264316 2.93923
 0.261304 0.0626369 2.92782
 0.275235 0.191213 2.88527
 0.0697996 -0.0188559 2.93309
 -0.0107842 -0.239463 3.05531
 0.00740065 -0.365446 2.79028
 -0.0114571 -0.386937 2.77268
 0.454729 -0.0302875 2.90279
 0.560833 -0.244895 2.98266
 0.53785 -0.369814 2.76019
 0.529102 -0.383768 2.73907
 0.15727 -0.587876 2.89128
 0.0601081 -0.439596 2.46222
 0.0905707 -0.857855 2.44089
 0.0460497 -0.899137 2.31732
 0.351284 -0.591628 2.88448
 0.401966 -0.449639 2.44838
 0.360433 -0.866913 2.44606
 0.382546 -0.901921 2.32809
 0.261369 -0.0181757 2.93363
 0.0711049 -0.33831 2.65044
 -0.00652351 -0.387903 2.72767
 0.522525 -0.40612 2.69463
 0.555021 -0.41302 2.71142
 0.259647 -0.58712 2.91078
 0.26028 -0.249283 2.83119
 0.25744 0.0760675 2.73668
 0.267704 0.207224 2.68858
 0.0753725 0.00882833 2.75563
 -0.015595 -0.199846 2.94412
 0.00143169 -0.377833 2.78753
 -0.0153096 -0.389018 2.77421
 0.443793 -0.00458902 2.74118
 0.571281 -0.198544 2.88884
 0.53211 -0.384845 2.74744
 0.529345 -0.395296 2.72701
 0.156237 -0.576603 2.8718
 0.05895 -0.440642 2.44127
 0.0872339 -0.859033 2.43086
 0.0455659 -0.899224 2.31715
 0.355564 -0.580809 2.86639
 0.403645 -0.445254 2.42788
 0.362471 -0.86225 2.43366
 0.381397 -0.90139 2.3289
 0.258443 -0.00421309 2.7621
 -0.0240044 -0.431129 2.73438
 -0.0423556 -0.397933 2.77174
 0.530795 -0.426554 2.6896
 0.556714 -0.420165 2.71094
 0.240283 -0.500808 2.84115
 0.25261 -0.173323 2.71714
 0.257149 0.153342 2.57871
 0.270169 0.283387 2.52636
 0.0797514 0.0788726 2.6132
 0.00490405 -0.135448 2.80562
 -0.0154396 -0.417236 2.75997
 -0.0242837 -0.428167 2.76344
 0.436907 0.0564657 2.58642
 0.543573 -0.151301 2.76934
 0.533572 -0.380418 2.74744
 0.53323 -0.404444 2.72356
 0.1433 -0.484559 2.79914
 0.04593 -0.440254 2.34976
 0.0923193 -0.86039 2.43201
 0.0444275 -0.900242 2.31742
 0.330136 -0.502044 2.79947
 0.401464 -0.445312 2.34726
 0.363765 -0.857709 2.39792
 0.38427 -0.91835 2.32363
 0.256555 0.0722286 2.6163
 -0.0240992 -0.440346 2.74538
 -0.0319662 -0.426222 2.74382
 0.538939 -0.451912 2.70722
 0.558692 -0.434773 2.71887
 0.221926 -0.277771 2.8421
 0.24769 0.0397734 2.67651
 0.271055 0.34936 2.49571
 0.289032 0.486485 2.44209
 0.0860999 0.254045 2.52092
 0.0266235 -0.0213077 2.64009
 -0.0216272 -0.29646 2.69922
 -0.0353594 -0.3792 2.71346
 0.453736 0.230497 2.49267
 0.501153 -0.0457754 2.61255
 0.522775 -0.349864 2.65942
 0.536275 -0.422712 2.66125
 0.123151 -0.263753 2.80106
 0.0594047 -0.428919 2.37741
 0.086875 -0.84559 2.40035
 0.0445212 -0.900097 2.31783
 0.314079 -0.283521 2.79856
 0.387056 -0.443262 2.37537
 0.351903 -0.856075 2.42461
 0.377728 -0.902458 2.33186
 0.265623 0.273226 2.54364
 -0.0653752 -0.472512 2.74401
 -0.0668076 -0.348916 2.71367
 0.550762 -0.503519 2.67036
 0.559713 -0.419063 2.66586
 0.239251 -0.106578 2.72042
 0.25491 0.23639 2.62507
 0.268425 0.573637 2.51385
 0.293577 0.721843 2.48809
 0.0819127 0.45843 2.50655
 0.00614587 0.221259 2.46468
 -0.000735607 -0.0669745 2.33036
 -0.00325132 -0.136522 2.29907
 0.446454 0.423244 2.48645
 0.499477 0.151167 2.4814
 0.489302 -0.128096 2.38654
 0.468876 -0.213647 2.38124
 0.1351 -0.0980264 2.68232
 0.0674078 -0.432736 2.38906
 0.079853 -0.851842 2.38575
 0.03975 -0.90883 2.31548
 0.336088 -0.111757 2.6733
 0.375836 -0.452664 2.38428
 0.356483 -0.869982 2.40469
 0.388435 -0.919721 2.32097
 0.265597 0.490446 2.54373
 0.000868068 -0.212322 2.30501
 0.0142953 -0.136287 2.24916
 0.456324 -0.286955 2.37299
 0.418786 -0.219416 2.4471
 0.231498 -0.0220251 2.56863
 0.234814 0.330205 2.56677
 0.235479 0.670783 2.54325
 0.262867 0.822921 2.5377
 0.0452111 0.556692 2.50742
 0.00379508 0.331417 2.43257
 0.024845 0.128354 2.22758
 0.0505894 0.045939 2.15775
 0.422904 0.512174 2.49016
 0.446757 0.265678 2.45605
 0.426243 0.0171013 2.32723
 0.398915 -0.0625837 2.28761
 0.132728 -0.0197291 2.52633
 0.0896331 -0.484569 2.43645
 0.0957527 -0.854492 2.43291
 0.048549 -0.897572 2.32769
 0.322635 -0.0236036 2.52607
 0.338405 -0.489553 2.44035
 0.34875 -0.861052 2.45248
 0.375045 -0.899069 2.33919
 0.235972 0.586504 2.55227
 0.0799306 -0.0066321 2.13356
 0.0805211 0.0683531 2.13496
 0.382739 -0.116076 2.27712
 0.362765 -0.0990751 2.3706
 0.196279 -0.00742716 2.52342
 0.189867 0.35124 2.54434
 0.182352 0.697059 2.54993
 0.203495 0.849813 2.55179
 -0.0139586 0.569083 2.50921
 -0.0674459 0.283848 2.4912
 -0.0972675 -0.00240914 2.43078
 -0.104206 -0.0671769 2.43285
 0.379325 0.545739 2.50063
 0.407483 0.274244 2.49071
 0.410425 0.0135448 2.3888
 0.403089 -0.0565469 2.37796
 0.0992435 -0.00628394 2.48142
 0.0811265 -0.478007 2.45192
 0.0927613 -0.8612 2.43671
 0.0485374 -0.896539 2.3285
 0.286603 -0.0083176 2.48036
 0.322146 -0.497435 2.46792
 0.349483 -0.862738 2.45231
 0.373586 -0.89904 2.34121
 0.184437 0.612348 2.55102
 -0.100442 -0.14322 2.44073
 -0.0653099 -0.0701151 2.4117
 0.39909 -0.122744 2.36333
 0.369416 -0.0611304 2.38339
9
 0.192793 -0.00997716 2.51949
 0.18699 0.341999 2.56127
 0.179582 0.6808 2.58845
 0.204929 0.827323 2.57525
 -0.0114812 0.559244 2.53687
 -0.0634883 0.293255 2.50503
 -0.0684189 0.0434007 2.39884
 -0.06367 -0.0418366 2.36455
 0.378261 0.549542 2.54167
 0.414556 0.292864 2.45393
 0.439918 0.236686 2.21837
 0.451425 0.209785 2.10544
 0.0965952 -0.00839881 2.47366
 0.0860345 -0.483093 2.48512
 0.0905739 -0.863275 2.44666
 0.0466576 -0.894392 2.32972
 0.283062 -0.0108945 2.47758
 0.309768 -0.510453 2.48817
 0.354308 -0.867398 2.45535
 0.376219 -0.900687 2.33816
 0.181641 0.597869 2.5842
 -0.0546093 -0.110121 2.35855
 -0.0867801 -0.0271851 2.33267
 0.448809 0.183678 2.05941
 0.454758 0.249638 2.091
 0.185581 -0.0111873 2.51465
 0.179207 0.341217 2.56142
 0.170357 0.680055 2.59506
 0.184364 0.828119 2.58788
 -0.0250732 0.554676 2.55037
 -0.069438 0.28675 2.51976
 -0.0748273 0.0388661 2.40798
 -0.0693436 -0.0463302 2.39339
 0.357718 0.544858 2.52765
 0.480808 0.404334 2.35689
 0.600076 0.446787 2.1542
 0.670538 0.494569 2.0607
 0.0897884 -0.0107023 2.47167
 0.0848802 -0.484565 2.48535
 0.0927324 -0.865546 2.44652
 0.0470374 -0.894182 2.33005
 0.275057 -0.0111682 2.47139
 0.313273 -0.502949 2.48286
 0.354453 -0.867295 2.45458
 0.37682 -0.900691 2.3371
 0.172735 0.597119 2.58893
 -0.0547959 -0.111689 2.37793
 -0.106669 -0.0844009 2.3852
 0.73047 0.491204 1.98295
 0.650756 0.531329 2.02946
 0.185172 -0.0114176 2.51432
 0.178001 0.341096 2.56386
 0.168817 0.680321 2.60156
 0.177399 0.829597 2.59877
 -0.0277343 0.549106 2.56389
 -0.0721664 0.276209 2.54259
 -0.0853349 0.00927129 2.44272
 -0.0832682 -0.063027 2.43379
 0.353817 0.548361 2.5235
 0.517813 0.499404 2.29356
 0.609075 0.658813 2.08245
 0.646346 0.704547 2.0259
 0.0897094 -0.0115208 2.47437
 0.0854249 -0.486485 2.48588
 0.0931577 -0.866496 2.44809
 0.0472357 -0.893932 2.33041
 0.274532 -0.0111762 2.46862
 0.318906 -0.503087 2.48134
 0.354137 -0.867371 2.4551
 0.376264 -0.90058 2.3383
 0.171225 0.597262 2.59451
 -0.0711521 -0.130227 2.42288
 -0.117404 -0.0608086 2.41503
 0.70739 0.732453 1.95371
 0.612327 0.73233 2.00271
 0.188342 -0.0110946 2.51644
 0.181534 0.340673 2.57088
 0.173248 0.678869 2.61316
 0.173748 0.829051 2.6106
 -0.0245208 0.544625 2.57944
 -0.0651751 0.271825 2.55377
 -0.0804232 0.0122879 2.44594
 -0.0639621 -0.0586165 2.42077
 0.354257 0.553629 2.52258
 0.483198 0.574251 2.31019
 0.506766 0.760409 2.08395
 0.508986 0.848378 2.01564
 0.0945615 -0.0124066 2.48392
 0.0875981 -0.486318 2.48801
 0.0930154 -0.86614 2.44764
 0.0466864 -0.894292 2.32933
 0.277456 -0.00946636 2.46637
 0.307344 -0.504855 2.48168
 0.354094 -0.867525 2.45534
 0.376508 -0.900844 2.33799
 0.175459 0.596093 2.60505
 -0.055863 -0.125296 2.40767
 -0.10301 -0.0565866 2.3984
 0.550515 0.902388 1.9428
 0.468182 0.877016 2.012
 0.189652 -0.0106729 2.51875
 0.185992 0.339454 2.5775
 0.182763 0.675864 2.62329
 0.176084 0.826202 2.61985
 -0.0196607 0.543443 2.59284
 -0.054541 0.270691 2.55954
 -0.0691127 0.0142722 2.44464
 -0.0581723 -0.0534092 2.42786
 0.35401 0.554406 2.52319
 0.426337 0.612342 2.25776
 0.385641 0.820267 2.06688
 0.363566 0.883101 2.02318
 0.0952656 -0.0132138 2.49135
 0.0898249 -0.486412 2.49018
 0.0919881 -0.862859 2.44915
 0.0466538 -0.893661 2.33264
 0.278427 -0.00788768 2.46424
 0.314855 -0.501344 2.47954
 0.353144 -0.867984 2.45606
 0.376733 -0.901092 2.33786
 0.183619 0.593522 2.61435 
 -0.0520512 -0.119395 2.40962
 -0.0945051 -0.102673 2.42567
 0.379601 0.947569 1.95375
 0.319206 0.89141 2.01148
 0.191586 -0.0106639 2.51984
 0.189616 0.338353 2.5795
 0.18783 0.67389 2.62572
 0.178029 0.820777 2.62249
 -0.0180993 0.542868 2.59552
 -0.0502605 0.266019 2.57076
 -0.073387 0.0142899 2.46562
 -0.0662201 -0.059504 2.45457
 0.360645 0.552555 2.53105
 0.394974 0.618898 2.26636
 0.296182 0.783143 2.09146
 0.255166 0.859413 2.03276
 0.0962373 -0.0129748 2.49437
 0.090303 -0.487159 2.49068
 0.091409 -0.86151 2.44844
 0.0464664 -0.893925 2.33176
 0.281395 -0.00829672 2.46231
 0.306973 -0.503703 2.48029
 0.353036 -0.867678 2.45645
 0.376409 -0.900872 2.33862
 0.188351 0.591794 2.61668
 -0.0580505 -0.131153 2.43851
 -0.107316 -0.0673626 2.4442
 0.248718 0.929956 1.97705
 0.211623 0.866006 2.03869
 0.186297 0.00404438 2.52377
 0.190744 0.347229 2.57603
 0.194667 0.680057 2.61295
 0.164254 0.808891 2.61687
 0.000441573 0.545134 2.60522
 -0.0463726 0.287109 2.58125
 -0.0736678 0.00326886 2.47269
 -0.0648992 -0.0641975 2.45762
 0.354021 0.545912 2.53614 
 0.339058 0.585104 2.27676
 0.158442 0.740629 2.08514
 0.109463 0.778533 2.047
 0.0883526 0.00296588 2.49492
 0.0908568 -0.487869 2.49181
 0.091515 -0.86234 2.44996
 0.0474796 -0.893376 2.33255
 0.277809 0.00538011 2.46781
 0.313414 -0.503033 2.48183
 0.35296 -0.867484 2.45686
 0.376134 -0.900693 2.33871
 0.193804 0.59872 2.60659
 -0.0635614 -0.135945 2.44608
 -0.108595 -0.0822759 2.43595
 0.0700956 0.843843 1.98517
 0.063174 0.77381 2.05114
 0.183043 -0.00918664 2.52425
 0.182698 0.335041 2.57921
 0.178232 0.663698 2.6225
 0.183361 0.812179 2.6277
 -0.00644328 0.544291 2.61296
 -0.0473305 0.266105 2.58024
 -0.0760647 0.00275157 2.479
 -0.074316 -0.0659186 2.46864
 0.341778 0.519286 2.53548
 0.32067 0.550058 2.25778
 0.0815502 0.663481 2.1008
 0.0335673 0.682685 2.0723
 0.0861944 -0.0123647 2.5002
 0.0910824 -0.489426 2.49306
 0.0921027 -0.863537 2.45033
 0.0468257 -0.893504 2.33255
 0.273531 -0.00787109 2.46408
 0.322453 -0.501856 2.48166
 0.35294 -0.867502 2.45697
 0.376424 -0.900856 2.33842
 0.179815 0.583444 2.61399
 -0.0647735 -0.136043 2.45989
 -0.113425 -0.0667206 2.45444
 -0.0320881 0.732872 2.01563
 0.0362049 0.709886 2.0535
 0.18374 -0.0292811 2.52409
 0.178054 0.321573 2.56941
 0.169225 0.667052 2.59511
 0.19036 0.834034 2.62207
 -0.0164138 0.535451 2.60511
 -0.0478842 0.261767 2.57764
 -0.0834518 -0.00217773 2.48275
 -0.0856933 -0.0686367 2.46548
 0.342908 0.497205 2.52173
 0.285969 0.50588 2.27166
 0.0525997 0.547288 2.12459
 -0.0176759 0.568687 2.08541
 0.0868099 -0.0318228 2.50583
 0.0908534 -0.488814 2.49304
 0.0911422 -0.863577 2.44992
 0.0461644 -0.893973 2.33035
 0.274801 -0.0265793 2.45757
 0.317263 -0.505527 2.48345
 0.353889 -0.867113 2.45698
 0.376274 -0.901039 2.33849
 0.171786 0.581966 2.59158
 -0.0763089 -0.136407 2.45666
 -0.113225 -0.0674656 2.43279
 -0.0896108 0.590852 2.01809
 -0.0649129 0.557766 2.09546
